1.000000000000000000 0.000000000000000000 0.000000000000000000 0.000000000000000000 0.000000000000000000 1.000000000000000000 0.000000000000000000 0.000000000000000000 0.000000000000000000 0.000000000000000000 1.000000000000000000 0.000000000000000000 0.000000000000000000 0.000000000000000000 0.000000000000000000 1.000000000000000000
0.999975125349071958 0.003206406463131749 -0.006282327649859270 -0.012891170365645873 -0.003236228787639083 0.999983517066622918 -0.004742617241668188 -0.003510659757777101 0.006267017340095323 0.004762830320313678 0.999969019490604016 0.008012461543295211 0.000000000000000000 0.000000000000000000 0.000000000000000000 1.000000000000000000
0.999918942573554070 0.005730952193635874 -0.011369453352639305 -0.025612050813083598 -0.005824258374242059 0.999949494131257666 -0.008190677690679158 -0.007600052992479053 0.011321938746241846 0.008256232409324386 0.999901819344994780 0.015546050315762838 0.000000000000000000 0.000000000000000000 0.000000000000000000 1.000000000000000000
0.999850295309967274 0.007563456724881821 -0.015562168580909081 -0.037195181398202541 -0.007730287788175901 0.999912998549493559 -0.010688216992254591 -0.011634547624707088 0.015479974782982464 0.010806916957781324 0.999821774581143186 0.022486903569124261 0.000000000000000000 0.000000000000000000 0.000000000000000000 1.000000000000000000
0.999786148270509489 0.009153583544287859 -0.018543722245391071 -0.048734565571049729 -0.009369477488936712 0.999888945559716413 -0.011589194927353549 -0.016523670113526418 0.018435580218717766 0.011760461546114249 0.999760881874372065 0.028613548574087915 0.000000000000000000 0.000000000000000000 0.000000000000000000 1.000000000000000000
0.999736966114707970 0.010171509331251220 -0.020555753006934803 -0.059515835831572161 -0.010409942289847028 0.999879387183993162 -0.011525805225097651 -0.021716420314033778 0.020436038884282234 0.011736757750294745 0.999722269849097400 0.034676393603194279 0.000000000000000000 0.000000000000000000 0.000000000000000000 1.000000000000000000
0.999705788382579508 0.010452614355869427 -0.021887885404768822 -0.069400376081573928 -0.010683742313387907 0.999888117867293258 -0.010469450701205057 -0.027266130884706041 0.021776003410771825 0.010700214994630286 0.999705612205175287 0.040574864716960937 0.000000000000000000 0.000000000000000000 0.000000000000000000 1.000000000000000000
0.999701388228654619 0.010365004091024388 -0.022129190312678546 -0.078917065672177489 -0.010545318370137467 0.999912015815145994 -0.008047166517841275 -0.033467474779510009 0.022043834380028864 0.008278122896313654 0.999722732584960028 0.045952077248190074 0.000000000000000000 0.000000000000000000 0.000000000000000000 1.000000000000000000
0.999724425288376239 0.009682180887202321 -0.021385248539442066 -0.088294295304376422 -0.009791565587185273 0.999939479734975878 -0.005016184875073400 -0.039257183020133674 0.021335386689208757 0.005224197605045242 0.999758725410389015 0.050594856648578754 0.000000000000000000 0.000000000000000000 0.000000000000000000 1.000000000000000000
0.999758918381414619 0.009260953474566324 -0.019908286153401168 -0.097487439223569158 -0.009270880319807882 0.999956941884873385 -0.000406391868537117 -0.046798044058899299 0.019903665363937055 0.000590861233228386 0.999801727838116605 0.055276111516197282 0.000000000000000000 0.000000000000000000 0.000000000000000000 1.000000000000000000
0.999809637290509312 0.008147811733935216 -0.017728574250868556 -0.105811872319940103 -0.008063494596273512 0.999955861766694709 0.004822299589125567 -0.054154088066873031 0.017767082932098936 -0.004678427340438236 0.999831207295363567 0.059947753231470627 0.000000000000000000 0.000000000000000000 0.000000000000000000 1.000000000000000000
0.999869122004896416 0.006546567245180669 -0.014794638165927035 -0.113682568908180404 -0.006386106889495861 0.999920557799490850 0.010867185870995543 -0.061509244678707622 0.014864605610385745 -0.010771283454777236 0.999831497279809134 0.064040637156463867 0.000000000000000000 0.000000000000000000 0.000000000000000000 1.000000000000000000
0.999924087046027199 0.004895727219461426 -0.011307165876567825 -0.121122309734654432 -0.004693913641844175 0.999830435512514826 0.017806386426847155 -0.069479316859772822 0.011392423793491223 -0.017751959831295228 0.999777515551463769 0.068338077080277532 0.000000000000000000 0.000000000000000000 0.000000000000000000 1.000000000000000000
0.999970777640269315 0.002612002547914716 -0.007184797019008236 -0.128402851379630201 -0.002429428789680375 0.999676862452925752 0.025303528450292764 -0.077008294699323729 0.007248568222106697 -0.025285334068755855 0.999653995210223578 0.072133697870316732 0.000000000000000000 0.000000000000000000 0.000000000000000000 1.000000000000000000
0.999996136817188463 0.000309089257000172 -0.002762392899275914 -0.134812548609037214 -0.000215869111120961 0.999432544606100759 0.033682965764690556 -0.085442013461286617 0.002771236407386939 -0.033682239325936308 0.999428750338295147 0.076044421053823183 0.000000000000000000 0.000000000000000000 0.000000000000000000 1.000000000000000000
0.999995072759024217 -0.002131172659918058 0.002304899296441239 -0.141099782891419889 0.002030253641265402 0.999075830829459943 0.042934395565576634 -0.094383501613051243 -0.002394269789569709 -0.042929504487274062 0.999075234963140324 0.079755264336858062 0.000000000000000000 0.000000000000000000 0.000000000000000000 1.000000000000000000
0.999959047364565756 -0.004777375297203774 0.007686369690480188 -0.146672238068251637 0.004365388245110104 0.998598121840069353 0.052751629765906166 -0.103546064766831508 -0.007927608669612804 -0.052715915459749248 0.998578081713205168 0.083528702422176887 0.000000000000000000 0.000000000000000000 0.000000000000000000 1.000000000000000000
0.999884579980900301 -0.007476191718357177 0.013226234301884571 -0.151883808004789483 0.006627389174347415 0.997985531413541849 0.063094823892014193 -0.112965814341836862 -0.013671299468218960 -0.062999886084205592 0.997919891536504733 0.087199864523648599 0.000000000000000000 0.000000000000000000 0.000000000000000000 1.000000000000000000
0.999766149449157537 -0.010397841356508439 0.018961310891644101 -0.156755845070436745 0.008970013722741324 0.997225939640174142 0.073891570308035795 -0.122381102728641583 -0.019677023896375503 -0.073704207504717248 0.997086006584529172 0.090866876980045488 0.000000000000000000 0.000000000000000000 0.000000000000000000 1.000000000000000000
0.999597851845471452 -0.013415244758476944 0.024983310308887074 -0.161367887889104084 0.011242494235868834 0.996303505235474507 0.085164146087800097 -0.132071183819886584 -0.026033457497544314 -0.084849022761478043 0.996053664431362895 0.094587536398065858 0.000000000000000000 0.000000000000000000 0.000000000000000000 1.000000000000000000
0.999377090478492991 -0.016492122017172615 0.031200015033878849 -0.165829605126393359 0.013402637846623829 0.995217364043698538 0.096761395218676660 -0.141787385510336844 -0.032646597456638990 -0.096282959121972031 0.994818471610384281 0.098423909577146862 0.000000000000000000 0.000000000000000000 0.000000000000000000 1.000000000000000000
0.999104372157215814 -0.019645622911862518 0.037476699917960897 -0.170104000882737916 0.015472142813285910 0.993968400952683351 0.108569934624330178 -0.151539496907594884 -0.039383579485634312 -0.107892851514689747 0.993382135061290583 0.102478929584040493 0.000000000000000000 0.000000000000000000 0.000000000000000000 1.000000000000000000
0.998789217391052864 -0.022820630602128657 0.043581166141912091 -0.173713839112305451 0.017422972332341535 0.992567105852277698 0.120444926896652107 -0.161219635028900243 -0.046005861131753860 -0.119539780821927816 0.991762926077886187 0.106642402620770613 0.000000000000000000 0.000000000000000000 0.000000000000000000 1.000000000000000000
0.998433566523820648 -0.025947461644676782 0.049569572044972497 -0.177001729404685337 0.019178303672467700 0.991003402071658934 0.132455463272166063 -0.170958861961421349 -0.052560497588686382 -0.131297320294800596 0.989948689466597975 0.110846709687355188 0.000000000000000000 0.000000000000000000 0.000000000000000000 1.000000000000000000
0.998044506024048705 -0.028996178458901432 0.055374954898338387 -0.180021394444435379 0.020719209340906822 0.989275128454699448 0.144587117632329676 -0.180846553016817513 -0.058973539485952110 -0.143157053112017096 0.987941384792024646 0.114969598685376026 0.000000000000000000 0.000000000000000000 0.000000000000000000 1.000000000000000000
0.997627447366298381 -0.031924337925071281 0.060994367850242932 -0.182885757774894964 0.022005770633624556 0.987375231099312245 0.156862675835907600 -0.191053682113752482 -0.065232065123106447 -0.155148282812367810 0.985735151052325453 0.119246938646615036 0.000000000000000000 0.000000000000000000 0.000000000000000000 1.000000000000000000
0.997192099043997193 -0.034707802342003595 0.066357260799532414 -0.185667685044492575 0.023025577213099366 0.985290244346591071 0.169330910318935185 -0.201808603915849594 -0.071258265473082880 -0.167327531661779938 0.983322814110272447 0.123619583315255813 0.000000000000000000 0.000000000000000000 0.000000000000000000 1.000000000000000000
0.996741962899801326 -0.037495086446881244 0.071411328842091060 -0.188176049679994184 0.023977391471014617 0.983096377382681630 0.181511976120845409 -0.212361654756190538 -0.077010025924538400 -0.179208345981400619 0.980792447278074686 0.128076659540729387 0.000000000000000000 0.000000000000000000 0.000000000000000000 1.000000000000000000
0.996289828667157429 -0.040293469922432344 0.076046127948621048 -0.190282445245649634 0.024909800844759591 0.980814795056631050 0.193343837812050279 -0.222821810844369306 -0.082377661512344630 -0.190732205145402373 0.978179506432296453 0.132920498362721823 0.000000000000000000 0.000000000000000000 0.000000000000000000 1.000000000000000000
0.995850298625201247 -0.042738242185186459 0.080346906493151710 -0.192442317138506791 0.025431600835277651 0.978386306899922453 0.205215662535015136 -0.233852428546434149 -0.087380869800283062 -0.202320728363779484 0.975413197812751487 0.138315474915788938 0.000000000000000000 0.000000000000000000 0.000000000000000000 1.000000000000000000
0.995423604695356734 -0.045035898863986214 0.084282946251404894 -0.194776904414806440 0.025852925952944108 0.976009679090624083 0.216186800108351285 -0.243705716701967057 -0.091997138189054500 -0.213018483082875326 0.972707382736502701 0.143534251628458953 0.000000000000000000 0.000000000000000000 0.000000000000000000 1.000000000000000000
0.995027046240867352 -0.047385331987429655 0.087611686216043899 -0.196806181083120479 0.026404660208381781 0.973607228343456921 0.226697505139891869 -0.253155840653015440 -0.096041507529074976 -0.223256792124701786 0.970016718207336925 0.148275410550283565 0.000000000000000000 0.000000000000000000 0.000000000000000000 1.000000000000000000
0.994704174469496327 -0.049225660255710450 0.090224385092666004 -0.198509919096835880 0.026505240137012873 0.971010971399858591 0.237560867287485183 -0.264264305903421093 -0.099302958355930226 -0.233911367388359548 0.967173404653100199 0.153778440272656247 0.000000000000000000 0.000000000000000000 0.000000000000000000 1.000000000000000000
0.994418101087798600 -0.050943333666655183 0.092398143833451352 -0.200490709830642572 0.026673452312901174 0.968650069577748907 0.246993055871483264 -0.273570146040408468 -0.102084118111735303 -0.243149788118250276 0.964601997389286092 0.158454834722272980 0.000000000000000000 0.000000000000000000 0.000000000000000000 1.000000000000000000
0.994183269955984716 -0.052731961321144605 0.093909349879834486 -0.202356463923425212 0.027063745415975865 0.966279034007984428 0.256071048970116677 -0.283281793781120506 -0.104245764535961433 -0.252040014068841578 0.962085574096447793 0.163674807030481984 0.000000000000000000 0.000000000000000000 0.000000000000000000 1.000000000000000000
0.994042571428873312 -0.053888143268565669 0.094738768211022964 -0.204189366332145683 0.026998710506040274 0.963876525533015505 0.264977571045953764 -0.293880003262531775 -0.105595624047999437 -0.260841161516868203 0.959589210360581646 0.169510002769786672 0.000000000000000000 0.000000000000000000 0.000000000000000000 1.000000000000000000
0.993977055567212053 -0.054999094930147416 0.094787723692482229 -0.206165152400876461 0.027157885625392397 0.961585736008226166 0.273158052332119317 -0.304077774212674901 -0.106169968702528275 -0.268938602402822136 0.957287817682499043 0.175602714917735797 0.000000000000000000 0.000000000000000000 0.000000000000000000 1.000000000000000000
0.993998546563550578 -0.055618690759151851 0.094198995046597941 -0.208731903395793200 0.027154798660430336 0.959602579570529302 0.280045543066299141 -0.313611871196484593 -0.105969365097950061 -0.275806908034995801 0.955353883721060670 0.180628683394378542 0.000000000000000000 0.000000000000000000 0.000000000000000000 1.000000000000000000
0.994095211725279038 -0.056378278861768737 0.092715692832766497 -0.210928714921323368 0.027566533527285879 0.957613262590512160 0.286734939517396981 -0.323378929767044077 -0.104951399486449409 -0.282485980153601324 0.953512912740302809 0.186693197249369724 0.000000000000000000 0.000000000000000000 0.000000000000000000 1.000000000000000000
0.994284196601730952 -0.056470302962095133 0.090609278064800222 -0.213155676640737507 0.027563044580364054 0.955671017436386383 0.293143625217340220 -0.334343086622999663 -0.103146570284794195 -0.288970606317446588 0.951765083265304734 0.192646519649068843 0.000000000000000000 0.000000000000000000 0.000000000000000000 1.000000000000000000
0.994539771744826218 -0.056356093737625526 0.087832984216575039 -0.216231872171773115 0.027677920315422103 0.953951128557497308 0.298682401642434148 -0.344470066364010341 -0.100620947842714747 -0.294620493215450197 0.950302157123048774 0.199038737356771134 0.000000000000000000 0.000000000000000000 0.000000000000000000 1.000000000000000000
0.994838716320043837 -0.056348230957155396 0.084384864630407730 -0.219145442558254328 0.028185534805637492 0.952364630854891314 0.303656360915340984 -0.354778157002103078 -0.097475659209945359 -0.299710671756323377 0.949037411853168589 0.205346072794143936 0.000000000000000000 0.000000000000000000 0.000000000000000000 1.000000000000000000
0.995176619088827152 -0.056235368158866587 0.080380844652027245 -0.222345083919655434 0.028894281432032799 0.951063490137620593 0.307641606789094801 -0.363950179933609008 -0.093747625673737095 -0.303835187388304839 0.948101029207990331 0.211061675177818986 0.000000000000000000 0.000000000000000000 0.000000000000000000 1.000000000000000000
0.995569358837965379 -0.055625734508157158 0.075811802533606809 -0.225641511582860943 0.029338751793797999 0.949762433886782831 0.311593576346876677 -0.373893380059257430 -0.089335823643981307 -0.307988793364114111 0.947186366971129790 0.217385253020156072 0.000000000000000000 0.000000000000000000 0.000000000000000000 1.000000000000000000
0.995963102291264724 -0.055052716770894745 0.070899204865124910 -0.228980542530564574 0.030007841658327056 0.948602273457100686 0.315044847967759167 -0.383369240480336659 -0.084599221706657013 -0.311645512029554539 0.946424876320600905 0.223518595609423276 0.000000000000000000 0.000000000000000000 0.000000000000000000 1.000000000000000000
0.996369356426733743 -0.054426312690271178 0.065466648461034643 -0.233085209031557411 0.030863146435774150 0.947571217411894318 0.318050709989184999 -0.392495900136814235 -0.079344639175333437 -0.314875474464877181 0.945810691319702634 0.229331254242477856 0.000000000000000000 0.000000000000000000 0.000000000000000000 1.000000000000000000
0.996788950779794569 -0.053683075550281886 0.059413087807169473 -0.236936179250764489 0.031866663623311572 0.946641650426612302 0.320708748597692217 -0.401418230380673813 -0.073459535479326626 -0.317785640136620362 0.945312638004020322 0.234946015859822388 0.000000000000000000 0.000000000000000000 0.000000000000000000 1.000000000000000000
0.997172297479179903 -0.052975430366633991 0.053301153060388809 -0.241611524060031169 0.032975333307377376 0.945790398724204784 0.323099286712887401 -0.410144644242691536 -0.067528042570212846 -0.320428034757539282 0.944862867303005838 0.240070470376006845 0.000000000000000000 0.000000000000000000 0.000000000000000000 1.000000000000000000
0.997538440336003029 -0.052134713670634117 0.046893834162905268 -0.246661201397571916 0.034095155285601302 0.944989075396812872 0.325320100465261608 -0.418776827984343347 -0.061274631276473784 -0.322920453070346614 0.944440469564268081 0.245252575768445863 0.000000000000000000 0.000000000000000000 0.000000000000000000 1.000000000000000000
0.997879975145122389 -0.051185857119450610 0.040194069653609631 -0.251965052724309413 0.035243486366889835 0.944211400659557665 0.327448816661815634 -0.427390752823004538 -0.054712447149427572 -0.325338037885924802 0.944013617079466849 0.250523660164464590 0.000000000000000000 0.000000000000000000 0.000000000000000000 1.000000000000000000
0.998185639538886171 -0.050181682080473224 0.033275032711078623 -0.257593055317591468 0.036447362640006378 0.943461156684027080 0.329473269909754174 -0.435908662118242862 -0.047927223734918464 -0.327662699451756079 0.943578368029414194 0.255685038927062902 0.000000000000000000 0.000000000000000000 0.000000000000000000 1.000000000000000000
0.998442322209400657 -0.049192548723421069 0.026325318064522697 -0.263742207391129413 0.037709123630913298 0.942728298020058308 0.331423261264495728 -0.444099645796648734 -0.041121177221633137 -0.329914305937616503 0.943114838989192350 0.260853269633539664 0.000000000000000000 0.000000000000000000 0.000000000000000000 1.000000000000000000
0.998652442622756875 -0.048177119073762313 0.019294145261151956 -0.270170946580437055 0.039000878139165668 0.941970478929313293 0.333422477241795301 -0.452318284901668255 -0.034237849640125974 -0.332220682714718663 0.942580069611376969 0.265758542041766188 0.000000000000000000 0.000000000000000000 0.000000000000000000 1.000000000000000000
0.998811833441803354 -0.047163564707159933 0.012268640541701722 -0.277079076064642327 0.040322911238814263 0.941199815439508480 0.335435493419915964 -0.460307434568079543 -0.027367575812531818 -0.334542232880616575 0.941983285527614678 0.270261893418513977 0.000000000000000000 0.000000000000000000 0.000000000000000000 1.000000000000000000
0.998922187937765216 -0.046110915447452293 0.005314689288249724 -0.284545539577247097 0.041613474057181091 0.940395129848900280 0.337528248496868133 -0.468071515304281149 -0.020561644450896071 -0.336943293794473020 0.941300396018406982 0.274407353606855753 0.000000000000000000 0.000000000000000000 0.000000000000000000 1.000000000000000000
0.998980400205268348 -0.045122869260750695 -0.001444532936768977 -0.292750222151416939 0.042931766323170702 0.939600562726063848 0.339569795425384735 -0.475051551507883696 -0.013965079523615229 -0.339285586482157508 0.940579750664110592 0.278359708743230183 0.000000000000000000 0.000000000000000000 0.000000000000000000 1.000000000000000000
0.998991305415468100 -0.044151676819153503 -0.008185422308094503 -0.301218581295946308 0.044289227104601987 0.938744087498735613 0.341757227500231853 -0.481777318109719688 -0.007405137863796398 -0.341775024863176458 0.939752625063104530 0.281813658644976206 0.000000000000000000 0.000000000000000000 0.000000000000000000 1.000000000000000000
0.998961579579220826 -0.043118596180622019 -0.014715610351153258 -0.310185056541077808 0.045548370963092250 0.937703365718724036 0.344438301909628375 -0.488835676388948370 -0.001052818694298955 -0.344750902222448141 0.938693617209367948 0.285402204437842422 0.000000000000000000 0.000000000000000000 0.000000000000000000 1.000000000000000000
0.998891024595635058 -0.042194754719413245 -0.020888361746623136 -0.320091322278988566 0.046825902386644157 0.936548627333436023 0.347396032656586751 -0.495482174148330901 0.004904676132601959 -0.347988895388959329 0.937485825406448092 0.288911334053324087 0.000000000000000000 0.000000000000000000 0.000000000000000000 1.000000000000000000
0.998780905403176100 -0.041513871878191007 -0.026707703826800430 -0.330848636380176142 0.048246537524975402 0.935388103622845857 0.350316096144196343 -0.500893172009553300 0.010439090902473016 -0.351177581919090320 0.936250677617161520 0.292310774284514130 0.000000000000000000 0.000000000000000000 0.000000000000000000 1.000000000000000000
0.998639663822111667 -0.040733918957259405 -0.032551032052012825 -0.341035841488201708 0.049632982014494544 0.933930326414597167 0.353992531700139834 -0.507338528443727732 0.015980892891719525 -0.355126587640954672 0.934681613070931006 0.295192958788057513 0.000000000000000000 0.000000000000000000 0.000000000000000000 1.000000000000000000
0.998483559135867949 -0.039918636026099186 -0.037908899129253992 -0.351995159968577276 0.050868591651250530 0.932291900138361607 0.358111992705945847 -0.513503951530536296 0.021046817307955667 -0.359497309356023642 0.932908739398976783 0.298330789216305792 0.000000000000000000 0.000000000000000000 0.000000000000000000 1.000000000000000000
0.998303076277774704 -0.039049780497761755 -0.043198177477921852 -0.362749777381719540 0.052077973261921456 0.930619949904079147 0.362262879055335218 -0.518660799703954734 0.026054799850852829 -0.363897820113841974 0.931074392259355399 0.300727635977060981 0.000000000000000000 0.000000000000000000 0.000000000000000000 1.000000000000000000
0.998099118968599153 -0.038308381901069319 -0.048276460001073752 -0.373605129268085812 0.053385509401538592 0.928806436218318043 0.366699592889556725 -0.523716339615202364 0.030791818719453443 -0.368579803998469124 0.929085998164002280 0.302749172442378645 0.000000000000000000 0.000000000000000000 0.000000000000000000 1.000000000000000000
0.997894489605909207 -0.037555046341282622 -0.052879165164295389 -0.385411867001943631 0.054566003022948804 0.926834103275605337 0.371484988013520701 -0.528352703868778861 0.035059077687073455 -0.373588227196214040 0.926931873209743240 0.304851017050801976 0.000000000000000000 0.000000000000000000 0.000000000000000000 1.000000000000000000
0.997686401262489864 -0.036874224315370845 -0.057115114611192112 -0.397998399979230644 0.055726729656772861 0.924788097689712263 0.376379470711681818 -0.532193035366997247 0.038940677159890844 -0.378691518194670396 0.924703389044155499 0.306891827467259903 0.000000000000000000 0.000000000000000000 0.000000000000000000 1.000000000000000000
0.997467828103960841 -0.036265315237380746 -0.061178090917488964 -0.410795245886002303 0.056941404749561303 0.922623099769257604 0.381476463490625695 -0.535921128587064088 0.042609955676130101 -0.383994065947510677 0.922351857478684645 0.308786002336261856 0.000000000000000000 0.000000000000000000 0.000000000000000000 1.000000000000000000
0.997242167257303636 -0.035753284067886908 -0.065036624469029219 -0.423757417154107363 0.058221627007408988 0.920321379225239489 0.386805895882632200 -0.539653643128613192 0.046025014856865332 -0.389525688009553950 0.919864901161095760 0.310900096094438583 0.000000000000000000 0.000000000000000000 0.000000000000000000 1.000000000000000000
0.997004583068966221 -0.035535662499251025 -0.068695545927117796 -0.436644921619609938 0.059743057207800987 0.917920471410730743 0.392240710891371858 -0.542959653532593678 0.049118514380535057 -0.395169868355170095 0.917293926006931271 0.312792475438385398 0.000000000000000000 0.000000000000000000 0.000000000000000000 1.000000000000000000
0.996764539574385489 -0.035343976997103996 -0.072189029201807503 -0.449563923301884993 0.061263120388127298 0.915475185256828805 0.397683310259917877 -0.545478162328557281 0.052031555112076293 -0.400819146834334950 0.914678483842064405 0.314368255422580067 0.000000000000000000 0.000000000000000000 0.000000000000000000 1.000000000000000000
0.996544759765192412 -0.034342160529238767 -0.075625113518774004 -0.462178916318080391 0.062102698073612607 0.912697912335269645 0.403888320839831727 -0.549109855746732656 0.055152485678536284 -0.407189313254933904 0.911677062612884503 0.316085582468858983 0.000000000000000000 0.000000000000000000 0.000000000000000000 1.000000000000000000
0.996316665783837041 -0.033305238622919654 -0.079018115401826017 -0.474553174556357094 0.062937284734598045 0.909888813389763906 0.410050296254500513 -0.552324417141295099 0.058240876295107546 -0.413513129596192519 0.908633530076863760 0.317070541566822905 0.000000000000000000 0.000000000000000000 0.000000000000000000 1.000000000000000000
0.996099111189379327 -0.032312681627521829 -0.082112430811504905 -0.487304122235710735 0.063729143499621999 0.907060538599875454 0.416148742138803207 -0.555006387654302547 0.061034063903203518 -0.419758347053327485 0.905581455818591397 0.317631734701975199 0.000000000000000000 0.000000000000000000 0.000000000000000000 1.000000000000000000
0.995877437393023146 -0.031442792966810205 -0.085085136551330709 -0.499865682026195912 0.064615967815357681 0.904222274833705097 0.422145536986765324 -0.557084355528654762 0.063662441005642584 -0.425903074026246220 0.902526268393445630 0.317948541398439699 0.000000000000000000 0.000000000000000000 0.000000000000000000 1.000000000000000000
0.995651346161634532 -0.030679783132187336 -0.087961058392299118 -0.512203230701963608 0.065592876691843160 0.901358537718723540 0.428077517523232143 -0.558707394718239603 0.066151125567295771 -0.431985575440345437 0.899451216685849153 0.318281903478140560 0.000000000000000000 0.000000000000000000 0.000000000000000000 1.000000000000000000
0.995423783148867147 -0.029943856037737880 -0.090746115218203652 -0.524312719829673535 0.066587556034547440 0.898474020383542960 0.433947614438863039 -0.559915279086505624 0.068538962079610175 -0.438004338085167311 0.896356296622958681 0.318678270919781126 0.000000000000000000 0.000000000000000000 0.000000000000000000 1.000000000000000000
0.995195474931322765 -0.029245604453499194 -0.093438007771866533 -0.536179952916114644 0.067604495054458660 0.895579819614513273 0.439734486875510699 -0.560774502397399899 0.070820893277743713 -0.443938600844065667 0.893254118241812001 0.319195070787502422 0.000000000000000000 0.000000000000000000 0.000000000000000000 1.000000000000000000
0.994971497304350194 -0.028499772876812275 -0.096018136296827289 -0.547928190636631784 0.068557209318516832 0.892677700224357995 0.445450819476862991 -0.561284376057608059 0.073018001906399857 -0.449793604298818039 0.890142732897076905 0.319788639836939059 0.000000000000000000 0.000000000000000000 0.000000000000000000 1.000000000000000000
0.994747652035905428 -0.027694742189241939 -0.098539890522217094 -0.559518993376037388 0.069458108697298890 0.889765905863761253 0.451101101637577828 -0.561591565312027030 0.075184306243080104 -0.455576156111701547 0.887016170132899129 0.320506930099798859 0.000000000000000000 0.000000000000000000 0.000000000000000000 1.000000000000000000
0.994525740995355845 -0.026861503334671799 -0.100980246267507678 -0.570871270922640894 0.070322451105525138 0.886848614371197552 0.456677444219002693 -0.561686887120553813 0.077287148790442850 -0.461278652038538184 0.883882742113090591 0.321487279440813734 0.000000000000000000 0.000000000000000000 0.000000000000000000 1.000000000000000000
0.994304127745488708 -0.026025750598097103 -0.103353576880993892 -0.582009968839227843 0.071171819070461384 0.883962430797075260 0.462109286976068179 -0.561454220910139856 0.079333937999391604 -0.466833033583886614 0.880779793726206073 0.322712493373570553 0.000000000000000000 0.000000000000000000 0.000000000000000000 1.000000000000000000
0.994086322241870102 -0.025242613696352754 -0.105618153673586748 -0.593097220013688475 0.072027286877125285 0.881141514499145684 0.467334678117594216 -0.560910731671890317 0.081267791139915391 -0.472178400480085136 0.877748884501320159 0.323957238542634474 0.000000000000000000 0.000000000000000000 0.000000000000000000 1.000000000000000000
0.993874792230636350 -0.024682585948812858 -0.107720319900175360 -0.604072787064173999 0.072965292771857510 0.878637007398684666 0.471882480370064250 -0.558802615662813862 0.082999779633645368 -0.476851946814067562 0.875056145284635045 0.324963123444177882 0.000000000000000000 0.000000000000000000 0.000000000000000000 1.000000000000000000
0.993679472630975780 -0.024540704733039060 -0.109539305653447022 -0.615291012067809118 0.074105564473356741 0.876368196874203309 0.475906659778517205 -0.555570579595220493 0.084317678964251616 -0.481016150787752450 0.872647690477330817 0.326249657901885037 0.000000000000000000 0.000000000000000000 0.000000000000000000 1.000000000000000000
0.993473431342630553 -0.024284323381602479 -0.111448700549641372 -0.625927340585850089 0.075195073475215410 0.874132405743879404 0.479831468490216961 -0.552606598293714057 0.085768538179000986 -0.485080208693695170 0.870253382063133740 0.327766651680014398 0.000000000000000000 0.000000000000000000 0.000000000000000000 1.000000000000000000
0.993250440788651767 -0.023750513127934671 -0.113531823729358258 -0.635694161288009263 0.076128550714097354 0.871966986629393093 0.483609365081603737 -0.550004428291241965 0.087510031649664366 -0.488988228237265954 0.867889685965941293 0.329385409209237423 0.000000000000000000 0.000000000000000000 0.000000000000000000 1.000000000000000000
0.993024129715064485 -0.023328310373337095 -0.115580568171161399 -0.645295342393806370 0.077086538587099879 0.870181334887388580 0.486664268240712072 -0.546059486985320253 0.089222998001090847 -0.492179067361396161 0.865909361468606309 0.330390895012435182 0.000000000000000000 0.000000000000000000 0.000000000000000000 1.000000000000000000
0.992785590292743492 -0.023220191962836794 -0.117633304775061787 -0.654275104376096928 0.078273751506922298 0.868692178970114526 0.489128938032900862 -0.541081809296029004 0.090829464008800612 -0.494807761541156688 0.864242609217174551 0.331084101165168621 0.000000000000000000 0.000000000000000000 0.000000000000000000 1.000000000000000000
0.992546114844681582 -0.022897936498177361 -0.119699182999960491 -0.663001922152737455 0.079255947593762838 0.867399089220139308 0.491260943685830842 -0.536156030037112652 0.092578100422006801 -0.497086013205163602 0.862748393680367376 0.332304552073943493 0.000000000000000000 0.000000000000000000 0.000000000000000000 1.000000000000000000
0.992289632424866452 -0.022607351184156649 -0.121861368179436311 -0.671222351821118002 0.080288032940814463 0.866284448177511157 0.493056879692683581 -0.530870913747442663 0.094419898054501669 -0.499039239457407302 0.861420176414016359 0.334313126840448505 0.000000000000000000 0.000000000000000000 0.000000000000000000 1.000000000000000000
0.992005517024240335 -0.022456587341289431 -0.124180336118310433 -0.678548511008598698 0.081477538474221414 0.865421240442477813 0.494375856323091944 -0.525072058693688226 0.096366305925126877 -0.500541485069911141 0.860332352527997113 0.335904032669958719 0.000000000000000000 0.000000000000000000 0.000000000000000000 1.000000000000000000
0.991698913521912306 -0.022445451799475855 -0.126607529843133670 -0.685339848970801024 0.082738517327474448 0.865111163236885417 0.494709018508233622 -0.518112395464032205 0.098425619987448545 -0.501077715465821028 0.859786904060328983 0.337107743006871685 0.000000000000000000 0.000000000000000000 0.000000000000000000 1.000000000000000000
0.991377334147608869 -0.022487852632471994 -0.129094065790662682 -0.691721040779407770 0.084069072170368117 0.864842262292701003 0.494954798397653384 -0.511671461542324901 0.100515533340857180 -0.501539786892753248 0.859275549355839940 0.339301541744560953 0.000000000000000000 0.000000000000000000 0.000000000000000000 1.000000000000000000
0.991085695762048524 -0.022439251373636775 -0.131322593842992302 -0.698861805795187974 0.085132482836828963 0.864879440849351977 0.494708007982643305 -0.504497013518455439 0.102477334186139149 -0.501477848756960443 0.859079951566906863 0.341713127614806156 0.000000000000000000 0.000000000000000000 0.000000000000000000 1.000000000000000000
0.990826816944139321 -0.022749632283382268 -0.133209132777450945 -0.706067208964404225 0.086195505949342860 0.865572552510906479 0.493309731399956597 -0.495889979501300981 0.104079554084778397 -0.500266539527412291 0.859593413103420190 0.343157275199537037 0.000000000000000000 0.000000000000000000 0.000000000000000000 1.000000000000000000
0.990560291226546319 -0.022890346384514978 -0.135153029886795922 -0.711910932107598926 0.087154016151701319 0.866185044735010345 0.492064676385170985 -0.488412714236385659 0.105804002352524712 -0.499198858492095721 0.860003495787302508 0.346229813002100539 0.000000000000000000 0.000000000000000000 0.000000000000000000 1.000000000000000000
0.990283958149530519 -0.023568433492465048 -0.137048207483410567 -0.717967504673927670 0.088383358711513690 0.867541739439374071 0.489448375452798456 -0.478426977550335586 0.107359508822350944 -0.496805655436029892 0.861195724903582094 0.348507264126494243 0.000000000000000000 0.000000000000000000 0.000000000000000000 1.000000000000000000
0.990022387287076810 -0.023909031673703077 -0.138866953861704168 -0.724088582445653217 0.089250881837790980 0.869011644336974087 0.486675499792142252 -0.469406563942759536 0.109041059980079680 -0.494213638228631846 0.862474884867521885 0.351684089829047197 0.000000000000000000 0.000000000000000000 0.000000000000000000 1.000000000000000000
0.989750638054457954 -0.024487473191423414 -0.140691286608293775 -0.729800447049427481 0.090261269082401216 0.870716715024890342 0.483430765963343168 -0.460178145429465224 0.110664256986761175 -0.491174883145473751 0.864002694667443838 0.355137314482320277 0.000000000000000000 0.000000000000000000 0.000000000000000000 1.000000000000000000
0.989489844881000336 -0.025118764038709392 -0.142403983689170954 -0.735537896063893859 0.091137682978655099 0.872909495802327906 0.479294204929930912 -0.449961721082754729 0.112266511563600263 -0.487235117608840196 0.866024347550371054 0.357824789073562410 0.000000000000000000 0.000000000000000000 0.000000000000000000 1.000000000000000000
0.989247804422829224 -0.025734414652352270 -0.143967084248851629 -0.741288955228623370 0.091880903076485956 0.875232376728452666 0.474895974268177312 -0.440270163449793084 0.113783483399236413 -0.483017625588107347 0.868186208296797379 0.361177272405642791 0.000000000000000000 0.000000000000000000 0.000000000000000000 1.000000000000000000
0.989012123173477975 -0.026495074855568214 -0.145440816912893428 -0.746941309022728817 0.092679251432388074 0.877596783105161649 0.470355655475101331 -0.430817468940946413 0.115176284754388000 -0.478666791507284195 0.870409401453308251 0.365233117882047875 0.000000000000000000 0.000000000000000000 0.000000000000000000 1.000000000000000000
0.988820506997591275 -0.027248151579699398 -0.146599942621132157 -0.753316036425639601 0.093283607280422814 0.880050581295061640 0.465627687079478270 -0.421380576868458590 0.116327870924302204 -0.474097577084847399 0.872753867850783904 0.370208076170331357 0.000000000000000000 0.000000000000000000 0.000000000000000000 1.000000000000000000
0.988620371221074712 -0.028159145095135937 -0.147772880306969889 -0.759304645890935159 0.093866459815841075 0.883100552764711000 0.459698272161547683 -0.410123845189087566 0.117553601936936800 -0.468337993605241087 0.875694395561303796 0.374004368446512470 0.000000000000000000 0.000000000000000000 0.000000000000000000 1.000000000000000000
0.988447047930163913 -0.029072224298884661 -0.148752274646346910 -0.765483161065441897 0.094371448992033577 0.886028321344068170 0.453924931449426028 -0.399932679646102407 0.118602120779059503 -0.462718726172323791 0.878535666547567762 0.378859907344429481 0.000000000000000000 0.000000000000000000 0.000000000000000000 1.000000000000000000
0.988291173932825173 -0.029986928013504804 -0.149603942711394711 -0.771820228546446718 0.094820175889841499 0.888881382864519454 0.448217605010209519 -0.390513501928064555 0.119539490423460820 -0.457154975194607571 0.881316991146842588 0.384385394952927173 0.000000000000000000 0.000000000000000000 0.000000000000000000 1.000000000000000000
0.988156201227974207 -0.030911800883982408 -0.150305630436160242 -0.778405294609437304 0.095191778771616137 0.891738685760908645 0.442425859971715185 -0.381413905219240845 0.120357165258234686 -0.451493717435276831 0.884119661520703426 0.390248244757336438 0.000000000000000000 0.000000000000000000 0.000000000000000000 1.000000000000000000
0.988039959692042502 -0.031981548130585909 -0.150845015267066396 -0.785303147277589209 0.095512568039365975 0.894926264211097666 0.435871920375357269 -0.370912900681103386 0.121055307187565089 -0.445066469422655819 0.887277549810307375 0.395624409075720829 0.000000000000000000 0.000000000000000000 0.000000000000000000 1.000000000000000000
0.987928285724762989 -0.033173426015148409 -0.151318293908407897 -0.792100620394473265 0.095805285660254896 0.898433168256414616 0.428531433405188733 -0.359368211550783745 0.121733518410052435 -0.437855416756681048 0.890765729309535348 0.400092388359842732 0.000000000000000000 0.000000000000000000 0.000000000000000000 1.000000000000000000
0.987839370454069332 -0.034297835601899529 -0.151647738703668794 -0.799061751981025359 0.095997673364695196 0.901790527369756401 0.421376662209419328 -0.348757145150450809 0.122302186773075305 -0.430810286807559562 0.894116699257607395 0.405276589096616291 0.000000000000000000 0.000000000000000000 0.000000000000000000 1.000000000000000000
0.987764595129365874 -0.035398037346230059 -0.151881807867030955 -0.806228777425932241 0.096161514398567696 0.904966975328065915 0.414472841950055793 -0.339420535965325232 0.122776495134437794 -0.424006783575001100 0.897298266868320815 0.410623329650274649 0.000000000000000000 0.000000000000000000 0.000000000000000000 1.000000000000000000
0.987708798024065304 -0.036517399798614035 -0.151979636194485179 -0.813568323102723423 0.096287515696845932 0.908080582409727777 0.407576213942067889 -0.330511848979298695 0.123126132996977222 -0.417200353981597272 0.900435350267217993 0.416220797821909239 0.000000000000000000 0.000000000000000000 0.000000000000000000 1.000000000000000000
0.987656253042325294 -0.037615609956290118 -0.152053252888634055 -0.820729978578113029 0.096391035114467880 0.911121624849838829 0.400707066422046065 -0.322078526532130149 0.123466166118333373 -0.410417410228438306 0.903500777645170783 0.421862295033250845 0.000000000000000000 0.000000000000000000 0.000000000000000000 1.000000000000000000
0.987625220977149110 -0.038635312089797473 -0.151999130094766066 -0.828041646347780325 0.096407522677555896 0.914000079004811061 0.394093193483962212 -0.315093906244969024 0.123701303392559442 -0.403870236881769595 0.906414264726704055 0.427575857064089182 0.000000000000000000 0.000000000000000000 0.000000000000000000 1.000000000000000000
0.987606305070201307 -0.039650775428310164 -0.151860469489335653 -0.835422914464274746 0.096390281415668147 0.916825260947423892 0.387479489182729564 -0.308438289813402544 0.123865652358496101 -0.397315059992238484 0.909284357761187434 0.433345731992640870 0.000000000000000000 0.000000000000000000 0.000000000000000000 1.000000000000000000
0.987578473364443599 -0.040586224867710359 -0.151794325645414480 -0.842396753684397370 0.096364932861960920 0.919497509732754792 0.381101206124810576 -0.302519308978049295 0.124107045173382599 -0.390994997341736983 0.911987035758773490 0.439618091538345135 0.000000000000000000 0.000000000000000000 0.000000000000000000 1.000000000000000000
0.987547832980845142 -0.041480426722313779 -0.151751941581568128 -0.849112807336758535 0.096336008462914333 0.922053104036330562 0.374883244238007785 -0.297314586443749418 0.124373031836785275 -0.384834311796540429 0.914567603524100492 0.445857802604825271 0.000000000000000000 0.000000000000000000 0.000000000000000000 1.000000000000000000
